year_month_day,hour,minute,second,float,raw,volte(V),Magnetic force(nT)
2019-06-17,17,12,32,703841,14584,2.7345,17090.625
2019-06-17,17,12,33,634488,14600,2.7375000000000003,17109.375000000004
2019-06-17,17,12,34,623523,14601,2.7376875000000003,17110.546875000004
2019-06-17,17,12,35,611902,14601,2.7376875000000003,17110.546875000004
2019-06-17,17,12,36,599992,14601,2.7376875000000003,17110.546875000004
2019-06-17,17,12,37,588978,14602,2.737875,17111.71875
2019-06-17,17,12,38,579190,14595,2.7365625000000002,17103.515625000004
2019-06-17,17,12,39,567530,14602,2.737875,17111.71875
2019-06-17,17,12,40,555862,14602,2.737875,17111.71875
2019-06-17,17,12,41,544294,14598,2.7371250000000003,17107.031250000004
2019-06-17,17,12,42,534495,14594,2.7363750000000002,17102.34375
2019-06-17,17,12,43,524108,14597,2.7369375000000002,17105.859375000004
2019-06-17,17,12,44,512443,14597,2.7369375000000002,17105.859375000004
2019-06-17,17,12,45,500876,14580,2.73375,17085.9375
2019-06-17,17,12,46,472385,14593,2.7361875,17101.171875
2019-06-17,17,12,47,431608,14601,2.7376875000000003,17110.546875000004
2019-06-17,17,12,48,419991,14601,2.7376875000000003,17110.546875000004
2019-06-17,17,12,49,408207,14602,2.737875,17111.71875
2019-06-17,17,12,50,397832,14602,2.737875,17111.71875
2019-06-17,17,12,51,385737,14601,2.7376875000000003,17110.546875000004
2019-06-17,17,12,52,374047,14602,2.737875,17111.71875
2019-06-17,17,12,53,363318,14601,2.7376875000000003,17110.546875000004
2019-06-17,17,12,54,351567,14601,2.7376875000000003,17110.546875000004
2019-06-17,17,12,55,340396,14601,2.7376875000000003,17110.546875000004
2019-06-17,17,12,56,328968,14602,2.737875,17111.71875
2019-06-17,17,12,57,317869,14601,2.7376875000000003,17110.546875000004
2019-06-17,17,12,58,305875,14601,2.7376875000000003,17110.546875000004
2019-06-17,17,12,59,294116,14600,2.7375000000000003,17109.375000000004
2019-06-17,17,13,00,282093,14600,2.7375000000000003,17109.375000000004
2019-06-17,17,13,01,272749,14600,2.7375000000000003,17109.375000000004
2019-06-17,17,13,02,261198,14601,2.7376875000000003,17110.546875000004
2019-06-17,17,13,03,249369,14600,2.7375000000000003,17109.375000000004
2019-06-17,17,13,04,237726,14600,2.7375000000000003,17109.375000000004
2019-06-17,17,13,05,230402,14600,2.7375000000000003,17109.375000000004
2019-06-17,17,13,06,218239,14600,2.7375000000000003,17109.375000000004
2019-06-17,17,13,07,206746,14600,2.7375000000000003,17109.375000000004
2019-06-17,17,13,08,195046,14600,2.7375000000000003,17109.375000000004
2019-06-17,17,13,09,184241,14600,2.7375000000000003,17109.375000000004
2019-06-17,17,13,10,172945,14600,2.7375000000000003,17109.375000000004
2019-06-17,17,13,11,161359,14600,2.7375000000000003,17109.375000000004
2019-06-17,17,13,12,149324,14600,2.7375000000000003,17109.375000000004
2019-06-17,17,13,13,138348,14601,2.7376875000000003,17110.546875000004
2019-06-17,17,13,14,126166,14600,2.7375000000000003,17109.375000000004
2019-06-17,17,13,15,114296,14600,2.7375000000000003,17109.375000000004
2019-06-17,17,13,16,102717,14601,2.7376875000000003,17110.546875000004
2019-06-17,17,13,17,091712,14600,2.7375000000000003,17109.375000000004
2019-06-17,17,13,18,080430,14600,2.7375000000000003,17109.375000000004
2019-06-17,17,13,19,068801,14596,2.7367500000000002,17104.687500000004
2019-06-17,17,13,20,057484,14601,2.7376875000000003,17110.546875000004
2019-06-17,17,13,21,045448,14600,2.7375000000000003,17109.375000000004
2019-06-17,17,13,22,033601,14600,2.7375000000000003,17109.375000000004
2019-06-17,17,13,23,021909,14600,2.7375000000000003,17109.375000000004
2019-06-17,17,13,24,011972,14594,2.7363750000000002,17102.34375
2019-06-17,17,13,25,001822,14600,2.7375000000000003,17109.375000000004
2019-06-17,17,13,25,990676,14600,2.7375000000000003,17109.375000000004
2019-06-17,17,13,26,979621,14601,2.7376875000000003,17110.546875000004
2019-06-17,17,13,27,969105,14601,2.7376875000000003,17110.546875000004
2019-06-17,17,13,28,956897,14601,2.7376875000000003,17110.546875000004
2019-06-17,17,13,29,945561,14601,2.7376875000000003,17110.546875000004
2019-06-17,17,13,30,934573,14601,2.7376875000000003,17110.546875000004
2019-06-17,17,13,31,923870,14601,2.7376875000000003,17110.546875000004
2019-06-17,17,13,32,912271,14600,2.7375000000000003,17109.375000000004
2019-06-17,17,13,33,900883,14600,2.7375000000000003,17109.375000000004
2019-06-17,17,13,34,889073,14600,2.7375000000000003,17109.375000000004
