year_month_day,hour,minute,second,float,raw,volte(V)
20190614,20,40,20,215644,13370,-3.637125
20190614,20,40,20,726245,13369,-3.6373125
20190614,20,40,21,236556,13389,-3.6335625
20190614,20,40,21,748160,13388,-3.63375
20190614,20,40,22,259670,13391,-3.6331875
20190614,20,40,22,771277,13389,-3.6335625
20190614,20,40,23,282914,13388,-3.63375
20190614,20,40,23,794444,13389,-3.6335625
20190614,20,40,24,305930,13391,-3.6331875
20190614,20,40,24,817537,13387,-3.6339375
20190614,20,40,25,329059,13390,-3.633375
20190614,20,40,25,840651,13391,-3.6331875
20190614,20,40,26,352372,13389,-3.6335625
20190614,20,40,26,863849,13386,-3.634125
20190614,20,40,27,375333,13391,-3.6331875
20190614,20,40,27,886892,13393,-3.6328125
20190614,20,40,28,398369,13389,-3.6335625
20190614,20,40,28,909913,13390,-3.633375
20190614,20,40,29,421612,13390,-3.633375
20190614,20,40,29,933078,13388,-3.63375
20190614,20,40,30,444662,13389,-3.6335625
