year_month_day,hour,minute,second,float,raw,volte(V)
20190615,17,28,37,121480,13404,2.51325
20190615,17,28,37,633442,13400,2.5125
20190615,17,28,38,144828,13418,2.515875
20190615,17,28,38,658985,13420,2.51625
20190615,17,28,39,173357,13420,2.51625
20190615,17,28,39,687256,13422,2.516625
20190615,17,28,40,201556,13421,2.5164375
20190615,17,28,40,715586,13419,2.5160625
20190615,17,28,41,229821,13415,2.5153125
20190615,17,28,41,744559,13408,2.5140000000000002
20190615,17,28,42,258858,13418,2.515875
20190615,17,28,42,772969,13416,2.5155
20190615,17,28,43,287118,13417,2.5156875
20190615,17,28,43,801264,13398,2.512125
20190615,17,28,44,311728,13400,2.5125
20190615,17,28,44,822155,13421,2.5164375
20190615,17,28,45,333810,13419,2.5160625
